0,0,0,0,0,0,0,0,0,0,50332416,196611,0
0,0,0,0,0,0,50528256,0,0,0,50529027,0,0
0,0,0,0,0,67371008,33686018,67371008,0,67372036,262148,0,0
0,0,0,0,50528256,33686018,33686018,33686018,50528256,67372036,262148,0,0
0,0,0,67371008,33686018,33686018,16843009,33686018,33686018,67372036,262148,0,0
0,0,50528256,33686018,33686018,16843009,16843009,16843009,33686018,33686018,262148,0,0
0,67371008,33686018,33686018,16843009,16843009,16843009,16843009,16843009,33686018,33686018,67371008,0
50528256,33686018,33686018,16843009,16843009,16843009,16843009,16843009,16843009,16843009,33686018,33686018,50528256
33686018,33686018,16843009,16843009,16843009,16843009,16843009,16843009,16843009,16843009,16843009,33686018,33686018
0,33686018,16843009,16843009,16843009,16843009,16843009,16843009,16843009,16843009,16843009,33686018,0
0,33686018,16843009,16843009,16843009,16843009,16843009,16843009,16843009,16843009,16843009,33686018,0
0,33686018,16843009,16843009,16843009,67108864,67371008,262144,16843009,16843009,16843009,33686018,0
0,33686018,16843009,16843009,0,67109888,101058054,262148,0,16843009,16843009,33686018,0
